001 21.449412 -30.71329  0
002 21.443214 -30.711544  0
003 21.442342 -30.710966  0
004 22.2217939 -30.262608  0
005 20.8890257 -30.266774  0
006 21.1118102 -30.268699  0
007 21.2857055 -30.308442  0
008 20.6206745 -30.32309  0
009 21.4128112 -30.369509  0
010 21.4812139 -30.439265  0
011 22.1574255 -30.495371  0
012 21.5473569 -30.508317  0
013 21.5733041 -30.571138  0
014 21.56761 -30.622713  0
015 21.374214 -30.638584  0
016 21.3340906 -30.641813  0
017 21.4063313 -30.642963  0
018 21.430449 -30.651906  0
019 21.2871238 -30.656278  0
020 21.4472571 -30.663055  0
021 22.0491848 -30.663947  0
022 21.5687373 -30.666963  0
023 21.4578392 -30.674663  0
024 21.4634453 -30.685568  0
025 21.2352359 -30.685611  0
026 21.466419 -30.693932  0
027 21.5519732 -30.698639  0
028 21.4286368 -30.701155  0
029 21.4344917 -30.701264  0
030 21.439049 -30.702356  0
031 21.4215593 -30.70258  0
032 21.4645868 -30.702805  0
033 21.4444697 -30.704982  0
034 21.4135728 -30.706149  0
035 21.4409894 -30.706517  0
036 21.4453007 -30.70782  0
037 21.4622289 -30.708744  0
038 21.4405906 -30.708913  0
039 21.4436864 -30.709254  0
040 21.4346288 -30.709314  0
041 21.4416387 -30.71069  0
042 21.4451202 -30.711168  0
043 21.4390904 -30.711278  0
044 21.4437639 -30.71128  0
045 21.4522796 -30.711729  0
046 21.4443592 -30.711825  0
047 21.4405425 -30.711918  0
048 21.4423558 -30.712025  0
049 21.4435744 -30.712107  0
050 21.4444375 -30.712193  0
051 21.4439168 -30.712207  0
052 21.4426256 -30.71221  0
053 21.4433231 -30.712317  0
054 21.4473345 -30.712406  0
055 21.4416585 -30.712409  0
056 21.4436675 -30.712428  0
057 21.4429691 -30.71245  0
058 21.4422514 -30.712485  0
059 21.4442278 -30.712544  0
060 21.4052401 -30.712547  0
061 21.445672 -30.712552  0
062 21.4432796 -30.712597  0
063 21.4352434 -30.712648  0
064 21.4426044 -30.712715  0
065 21.4429391 -30.712722  0
066 21.4445107 -30.71285  0
067 21.4451171 -30.712941  0
068 21.4419132 -30.71295  0
069 21.4426862 -30.712981  0
070 21.4590247 -30.712981  0
071 21.4441059 -30.712991  0
072 21.4423381 -30.71309  0
073 21.4432221 -30.713174  0
074 21.442917 -30.71328  0
075 21.4439358 -30.713328  0
076 21.4442883 -30.713364  0
077 21.4400382 -30.713405  0
078 21.4422628 -30.713413  0
079 21.4435953 -30.713434  0
080 21.4432548 -30.71348  0
081 21.4446124 -30.713603  0
082 21.4440499 -30.713665  0
083 21.4377571 -30.713717  0
084 21.4418779 -30.713786  0
085 21.4424806 -30.713809  0
086 21.4434036 -30.713858  0
087 21.4427442 -30.714023  0
088 21.4436833 -30.714159  0
089 21.4457952 -30.71416  0
090 21.4410498 -30.714684  0
091 21.4435517 -30.714778  0
092 21.4474835 -30.714879  0
093 21.4421612 -30.714887  0
094 21.4442517 -30.715123  0
095 21.4398972 -30.71568  0
096 21.4555383 -30.715743  0
097 21.4439389 -30.716027  0
098 21.4376419 -30.716174  0
099 21.4449919 -30.716377  0
100 21.4490364 -30.717223  0
101 21.444662 -30.718358  0
102 21.4363558 -30.71874  0
103 21.4402166 -30.719265  0
104 21.4472659 -30.720233  0
105 21.533032 -30.723924  0
106 21.4339794 -30.721009  0
107 21.3974997 -30.722426  0
108 21.4350033 -30.724996  0
109 21.4376456 -30.729515  0
110 21.5105276 -30.734134  0
111 21.4424172 -30.734251  0
112 21.1844568 -30.735364  0
113 21.3917083 -30.736333  0
114 21.4498209 -30.738661  0
115 21.4908526 -30.736857  0
116 21.4602722 -30.742016  0
117 21.4728481 -30.736715  0
118 21.3946819 -30.753799  0
119 21.3936716 -30.776987  0
120 21.9307624 -30.781482  0
121 21.4064274 -30.80286  0
122 21.1403739 -30.808077  0
123 21.4255118 -30.839095  0
124 21.8087982 -30.850668  0
125 21.4607747 -30.865551  0
126 21.5267438 -30.879119  0
127 21.6973379 -30.883676  0
128 21.6024953 -30.890232  0
129 21.1131812 -30.907047  0
130 21.078446 -31.040003  0
131 21.1654996 -31.187658  0
132 21.2740177 -31.351808  0
133 21.4678033 -31.524423  0
