0.05 5500.031 8103.983 17619.659 
0.1 820.099 1207.179 2621.693 
0.15 271.036 397.962 861.789 
0.2 124.706 182.246 392.515 
0.25 69.137 100.287 214.122 
0.3 43.334 62.201 131.15 
0.35 29.683 42.032 87.158 
0.4 21.769 30.323 61.58 
0.45 16.857 23.044 45.654 
0.5 13.645 18.276 35.198 
0.55 11.453 15.017 28.038 
0.6 9.906 12.711 22.962 
0.65 8.782 11.034 19.259 
0.7 7.946 9.783 16.492 
0.75 7.311 8.83 14.381 
0.8 6.82 8.092 12.741 
0.85 6.434 7.511 11.446 
0.9 6.126 7.047 10.411 
0.95 5.878 6.673 9.572 
1.0 5.676 6.366 8.885 
1.05 5.51 6.114 8.317 
1.1 5.372 5.903 7.843 
1.15 5.256 5.727 7.444 
1.2 5.158 5.577 7.106 
1.25 5.075 5.45 6.817 
1.3 5.004 5.341 6.569 
1.35 4.943 5.248 6.356 
1.4 4.89 5.166 6.17 
1.45 4.845 5.096 6.008 
1.5 4.805 5.034 5.866 
1.55 4.77 4.98 5.741 
1.6 4.739 4.932 5.631 
1.65 4.712 4.89 5.534 
1.7 4.688 4.853 5.447 
1.75 4.667 4.82 5.369 
1.8 4.648 4.79 5.3 
1.85 4.631 4.763 5.238 
1.9 4.616 4.74 5.182 
1.95 4.603 4.718 5.132 
2.0 4.59 4.699 5.086 
2.05 4.58 4.682 5.045 
2.1 4.57 4.667 5.008 
2.15 4.561 4.652 4.974 
2.2 4.553 4.64 4.943 
2.25 4.546 4.628 4.915 
2.3 4.54 4.618 4.89 
2.35 4.534 4.608 4.867 
2.4 4.528 4.6 4.845 
2.45 4.524 4.592 4.826 
2.5 4.519 4.585 4.808 
2.55 4.516 4.579 4.792 
2.6 4.512 4.573 4.777 
2.65 4.509 4.568 4.763 
2.7 4.506 4.563 4.751 
2.75 4.504 4.559 4.739 
2.8 4.501 4.555 4.729 
2.85 4.499 4.552 4.719 
2.9 4.498 4.548 4.711 
2.95 4.496 4.546 4.703 
3.0 4.495 4.543 4.696 
3.05 4.494 4.541 4.689 
3.1 4.493 4.539 4.683 
3.15 4.492 4.538 4.678 
3.2 4.491 4.536 4.673 
3.25 4.491 4.535 4.669 
3.3 4.49 4.534 4.665 
3.35 4.49 4.533 4.661 
3.4 4.49 4.533 4.658 
3.45 4.49 4.532 4.655 
3.5 4.49 4.532 4.653 
3.55 4.49 4.532 4.651 
3.6 4.49 4.532 4.65 
3.65 4.491 4.532 4.648 
3.7 4.491 4.533 4.647 
3.75 4.492 4.533 4.646 
3.8 4.492 4.534 4.646 
3.85 4.493 4.534 4.646 
3.9 4.494 4.535 4.646 
3.95 4.494 4.536 4.646 
4.0 4.495 4.537 4.646 
4.05 4.496 4.538 4.647 
4.1 4.497 4.539 4.648 
4.15 4.498 4.541 4.649 
4.2 4.499 4.542 4.65 
4.25 4.5 4.543 4.651 
4.3 4.501 4.545 4.653 
4.35 4.503 4.547 4.654 
4.4 4.504 4.548 4.656 
4.45 4.505 4.55 4.658 
4.5 4.507 4.552 4.66 
4.55 4.508 4.554 4.662 
4.6 4.509 4.556 4.665 
4.65 4.511 4.558 4.667 
4.7 4.512 4.56 4.67 
4.75 4.514 4.562 4.673 
4.8 4.516 4.564 4.676 
4.85 4.517 4.566 4.679 
4.9 4.519 4.568 4.682 
4.95 4.521 4.571 4.685 
5.0 4.522 4.573 4.688 
5.05 4.524 4.576 4.692 
5.1 4.526 4.578 4.695 
5.15 4.528 4.581 4.699 
5.2 4.53 4.583 4.703 
5.25 4.532 4.586 4.707 
5.3 4.534 4.589 4.711 
5.35 4.536 4.592 4.715 
5.4 4.538 4.594 4.719 
5.45 4.54 4.597 4.723 
5.5 4.542 4.6 4.727 
5.55 4.544 4.603 4.732 
5.6 4.546 4.606 4.736 
5.65 4.548 4.609 4.741 
5.7 4.55 4.612 4.745 
5.75 4.553 4.615 4.75 
5.8 4.555 4.618 4.755 
5.85 4.557 4.622 4.759 
5.9 4.559 4.625 4.764 
5.95 4.562 4.628 4.769 
6.0 4.564 4.631 4.774 
6.05 4.567 4.635 4.779 
6.1 4.569 4.638 4.785 
6.15 4.571 4.642 4.79 
6.2 4.574 4.645 4.795 
6.25 4.576 4.649 4.801 
6.3 4.579 4.652 4.806 
6.35 4.581 4.656 4.812 
6.4 4.584 4.659 4.817 
6.45 4.587 4.663 4.823 
6.5 4.589 4.667 4.829 
6.55 4.592 4.671 4.834 
6.6 4.595 4.674 4.84 
6.65 4.597 4.678 4.846 
6.7 4.6 4.682 4.852 
6.75 4.603 4.686 4.858 
6.8 4.606 4.69 4.865 
6.85 4.608 4.694 4.871 
6.9 4.611 4.698 4.877 
6.95 4.614 4.702 4.883 
7.0 4.617 4.706 4.89 
7.05 4.62 4.71 4.896 
7.1 4.623 4.715 4.903 
7.15 4.626 4.719 4.91 
7.2 4.629 4.723 4.916 
7.25 4.632 4.727 4.923 
7.3 4.635 4.732 4.93 
7.35 4.638 4.736 4.937 
7.4 4.641 4.741 4.944 
7.45 4.644 4.745 4.951 
7.5 4.647 4.75 4.959 
7.55 4.651 4.754 4.966 
7.6 4.654 4.759 4.973 
7.65 4.657 4.764 4.981 
7.7 4.661 4.768 4.988 
7.75 4.664 4.773 4.996 
7.8 4.667 4.778 5.003 
7.85 4.671 4.783 5.011 
7.9 4.674 4.788 5.019 
7.95 4.677 4.793 5.027 
8.0 4.681 4.798 5.035 
8.05 4.684 4.803 5.043 
8.1 4.688 4.808 5.051 
8.15 4.691 4.813 5.059 
8.2 4.695 4.818 5.067 
8.25 4.699 4.823 5.075 
8.3 4.702 4.828 5.084 
8.35 4.706 4.834 5.092 
8.4 4.71 4.839 5.101 
8.45 4.714 4.845 5.11 
8.5 4.717 4.85 5.118 
8.55 4.721 4.856 5.127 
8.6 4.725 4.861 5.136 
8.65 4.729 4.867 5.145 
8.7 4.733 4.872 5.154 
8.75 4.737 4.878 5.163 
8.8 4.741 4.884 5.173 
8.85 4.745 4.89 5.182 
8.9 4.749 4.896 5.192 
8.95 4.753 4.902 5.201 
9.0 4.757 4.908 5.211 
9.05 4.762 4.914 5.221 
9.1 4.766 4.921 5.231 
9.15 4.772 4.928 5.242 
9.2 4.78 4.938 5.256 
9.25 4.78 4.94 5.262 
9.3 4.783 4.945 5.271 
9.35 4.787 4.951 5.281 
9.4 4.791 4.957 5.291 
9.45 4.796 4.964 5.301 
9.5 4.8 4.97 5.312 
9.55 4.804 4.976 5.322 
9.6 4.809 4.983 5.333 
9.65 4.813 4.99 5.344 
9.7 4.818 4.996 5.355 
9.75 4.823 5.003 5.366 
9.8 4.827 5.01 5.377 
9.85 4.832 5.017 5.388 
9.9 4.837 5.024 5.4 
9.95 4.842 5.031 5.411 
10.0 4.847 5.039 5.423 
10.05 4.852 5.046 5.435 
10.1 4.858 5.054 5.448 
10.15 4.865 5.063 5.462 
10.2 4.875 5.075 5.478 
10.25 4.88 5.083 5.491 
10.3 4.88 5.086 5.498 
10.35 4.883 5.091 5.509 
10.4 4.888 5.098 5.52 
10.45 4.892 5.105 5.532 
10.5 4.897 5.113 5.545 
10.55 4.902 5.12 5.557 
10.6 4.908 5.128 5.57 
10.65 4.913 5.136 5.583 
10.7 4.918 5.144 5.596 
10.75 4.924 5.152 5.61 
10.8 4.929 5.16 5.623 
10.85 4.935 5.169 5.637 
10.9 4.941 5.177 5.651 
10.95 4.948 5.187 5.666 
11.0 4.955 5.197 5.682 
11.05 4.967 5.212 5.702 
11.1 4.972 5.219 5.715 
11.15 4.972 5.223 5.724 
11.2 4.976 5.229 5.737 
11.25 4.981 5.237 5.751 
11.3 4.986 5.245 5.765 
11.35 4.992 5.254 5.779 
11.4 4.997 5.263 5.794 
11.45 5.003 5.272 5.809 
11.5 5.009 5.281 5.824 
11.55 5.015 5.29 5.84 
11.6 5.021 5.299 5.855 
11.65 5.028 5.309 5.871 
11.7 5.034 5.318 5.887 
11.75 5.04 5.328 5.903 
11.8 5.047 5.337 5.919 
11.85 5.053 5.347 5.936 
11.9 5.06 5.357 5.952 
11.95 5.066 5.367 5.969 
12.0 5.073 5.377 5.987 
12.05 5.079 5.388 6.004 
12.1 5.086 5.398 6.021 
12.15 5.093 5.408 6.039 
12.2 5.1 5.419 6.057 
12.25 5.107 5.429 6.074 
12.3 5.114 5.44 6.093 
12.35 5.121 5.451 6.111 
12.4 5.128 5.462 6.13 
12.45 5.135 5.473 6.148 
12.5 5.142 5.484 6.167 
12.55 5.15 5.495 6.186 
12.6 5.157 5.507 6.206 
12.65 5.165 5.518 6.225 
12.7 5.172 5.53 6.245 
12.75 5.18 5.542 6.265 
12.8 5.187 5.554 6.286 
12.85 5.195 5.566 6.306 
12.9 5.203 5.578 6.327 
12.95 5.211 5.59 6.348 
13.0 5.219 5.602 6.369 
13.05 5.227 5.615 6.391 
13.1 5.235 5.628 6.412 
13.15 5.243 5.64 6.434 
13.2 5.251 5.653 6.456 
13.25 5.26 5.666 6.479 
13.3 5.268 5.68 6.502 
13.35 5.277 5.693 6.525 
13.4 5.285 5.707 6.548 
13.45 5.294 5.72 6.572 
13.5 5.303 5.734 6.596 
13.55 5.312 5.748 6.62 
13.6 5.321 5.762 6.644 
13.65 5.33 5.777 6.669 
13.7 5.339 5.791 6.694 
13.75 5.348 5.806 6.72 
13.8 5.357 5.821 6.746 
13.85 5.367 5.836 6.772 
13.9 5.376 5.851 6.798 
13.95 5.386 5.866 6.825 
14.0 5.396 5.882 6.852 
14.05 5.406 5.898 6.88 
14.1 5.415 5.914 6.908 
14.15 5.426 5.93 6.936 
14.2 5.436 5.946 6.965 
14.25 5.446 5.963 6.994 
14.3 5.457 5.98 7.023 
14.35 5.467 5.997 7.053 
14.4 5.478 6.014 7.084 
14.45 5.489 6.032 7.115 
14.5 5.5 6.049 7.146 
14.55 5.511 6.067 7.178 
14.6 5.522 6.086 7.21 
14.65 5.534 6.105 7.243 
14.7 5.546 6.124 7.277 
14.75 5.559 6.144 7.311 
14.8 5.573 6.165 7.348 
14.85 5.59 6.191 7.388 
14.9 5.599 6.207 7.42 
14.95 5.607 6.224 7.452 
15.0 5.618 6.242 7.487 
15.05 5.63 6.262 7.523 
15.1 5.642 6.283 7.56 
15.15 5.655 6.304 7.598 
15.2 5.668 6.325 7.636 
15.25 5.681 6.347 7.676 
15.3 5.694 6.369 7.716 
15.35 5.707 6.392 7.756 
15.4 5.721 6.415 7.797 
15.45 5.735 6.438 7.839 
15.5 5.749 6.462 7.882 
15.55 5.763 6.486 7.926 
15.6 5.778 6.511 7.97 
15.65 5.793 6.536 8.015 
15.7 5.808 6.561 8.061 
15.75 5.823 6.587 8.108 
15.8 5.839 6.613 8.155 
15.85 5.854 6.64 8.204 
15.9 5.87 6.667 8.253 
15.95 5.887 6.695 8.304 
16.0 5.904 6.723 8.355 
16.05 5.921 6.753 8.408 
16.1 5.94 6.783 8.463 
16.15 5.963 6.819 8.523 
16.2 5.976 6.845 8.574 
16.25 5.991 6.873 8.627 
16.3 6.008 6.903 8.684 
16.35 6.026 6.934 8.741 
16.4 6.044 6.966 8.801 
16.45 6.063 6.999 8.861 
16.5 6.082 7.033 8.923 
16.55 6.102 7.067 8.986 
16.6 6.122 7.102 9.051 
16.65 6.142 7.137 9.117 
16.7 6.163 7.174 9.184 
16.75 6.184 7.211 9.253 
16.8 6.206 7.249 9.323 
16.85 6.228 7.287 9.395 
16.9 6.25 7.327 9.468 
16.95 6.273 7.367 9.543 
17.0 6.296 7.408 9.619 
17.05 6.32 7.45 9.697 
17.1 6.344 7.493 9.777 
17.15 6.368 7.537 9.859 
17.2 6.393 7.582 9.942 
17.25 6.419 7.627 10.028 
17.3 6.445 7.674 10.115 
17.35 6.472 7.722 10.205 
17.4 6.499 7.771 10.296 
17.45 6.527 7.821 10.39 
17.5 6.555 7.872 10.486 
17.55 6.584 7.924 10.584 
17.6 6.614 7.978 10.685 
17.65 6.644 8.032 10.788 
17.7 6.675 8.088 10.893 
17.75 6.706 8.146 11.002 
17.8 6.739 8.205 11.112 
17.85 6.772 8.265 11.226 
17.9 6.806 8.326 11.342 
17.95 6.84 8.39 11.462 
18.0 6.877 8.456 11.586 
18.05 6.913 8.522 11.711 
18.1 6.95 8.59 11.84 
18.15 6.988 8.66 11.972 
18.2 7.027 8.732 12.108 
18.25 7.067 8.805 12.247 
18.3 7.108 8.88 12.39 
18.35 7.15 8.957 12.537 
18.4 7.192 9.037 12.688 
18.45 7.236 9.118 12.842 
18.5 7.281 9.202 13.001 
18.55 7.327 9.287 13.165 
18.6 7.375 9.376 13.333 
18.65 7.423 9.466 13.505 
18.7 7.473 9.559 13.682 
18.75 7.524 9.654 13.864 
18.8 7.577 9.753 14.052 
18.85 7.631 9.853 14.244 
18.9 7.686 9.957 14.442 
18.95 7.743 10.064 14.645 
19.0 7.801 10.173 14.855 
19.05 7.861 10.286 15.07 
19.1 7.923 10.402 15.292 
19.15 7.986 10.521 15.519 
19.2 8.051 10.643 15.754 
19.25 8.118 10.769 15.995 
19.3 8.186 10.899 16.243 
19.35 8.257 11.032 16.498 
19.4 8.329 11.17 16.761 
19.45 8.404 11.311 17.031 
19.5 8.481 11.456 17.309 
19.55 8.559 11.606 17.595 
19.6 8.641 11.759 17.89 
19.65 8.724 11.918 18.193 
19.7 8.81 12.08 18.504 
19.75 8.898 12.248 18.825 
19.8 8.988 12.42 19.154 
19.85 9.081 12.597 19.494 
19.9 9.177 12.78 19.842 
19.95 9.275 12.967 20.201 
20.0 9.376 13.16 20.569 
20.05 9.48 13.358 20.948 
20.1 9.587 13.561 21.337 
20.15 9.696 13.77 21.736 
20.2 9.809 13.985 22.146 
20.25 9.924 14.206 22.567 
20.3 10.043 14.432 22.999 
20.35 10.164 14.664 23.442 
20.4 10.289 14.903 23.896 
20.45 10.417 15.147 24.361 
20.5 10.548 15.397 24.837 
20.55 10.681 15.653 25.324 
20.6 10.818 15.915 25.822 
20.65 10.959 16.183 26.331 
20.7 11.102 16.456 26.851 
20.75 11.248 16.735 27.38 
20.8 11.397 17.02 27.92 
20.85 11.548 17.31 28.469 
20.9 11.703 17.605 29.027 
20.95 11.86 17.905 29.594 
21.0 12.019 18.209 30.168 
21.05 12.181 18.518 30.75 
21.1 12.344 18.829 31.337 
21.15 12.509 19.144 31.93 
21.2 12.676 19.462 32.527 
21.25 12.843 19.781 33.127 
21.3 13.012 20.102 33.728 
21.35 13.18 20.423 34.33 
21.4 13.349 20.743 34.929 
21.45 13.517 21.062 35.525 
21.5 13.683 21.379 36.116 
21.55 13.848 21.692 36.699 
21.6 14.011 22.0 37.272 
21.65 14.17 22.301 37.833 
21.7 14.326 22.595 38.378 
21.75 14.477 22.88 38.906 
21.8 14.622 23.155 39.413 
21.85 14.761 23.416 39.897 
21.9 14.893 23.664 40.353 
21.95 15.017 23.896 40.78 
22.0 15.132 24.11 41.172 
22.05 15.236 24.304 41.528 
22.1 15.33 24.477 41.842 
22.15 15.411 24.626 42.113 
22.2 15.479 24.749 42.336 
22.25 15.532 24.845 42.506 
22.3 15.571 24.911 42.623 
22.35 15.595 24.95 42.689 
22.4 15.606 24.964 42.707 
22.45 15.605 24.953 42.679 
22.5 15.591 24.918 42.608 
22.55 15.566 24.863 42.496 
22.6 15.531 24.787 42.348 
22.65 15.486 24.692 42.164 
22.7 15.433 24.58 41.948 
22.75 15.371 24.453 41.702 
22.8 15.302 24.311 41.43 
22.85 15.226 24.156 41.133 
22.9 15.144 23.989 40.814 
22.95 15.057 23.813 40.476 
23.0 14.965 23.627 40.12 
23.05 14.869 23.433 39.749 
23.1 14.77 23.232 39.364 
23.15 14.667 23.025 38.968 
23.2 14.563 22.814 38.563 
23.25 14.456 22.598 38.15 
23.3 14.348 22.38 37.731 
23.35 14.239 22.159 37.306 
23.4 14.129 21.936 36.879 
23.45 14.018 21.713 36.449 
23.5 13.908 21.489 36.018 
23.55 13.798 21.266 35.587 
23.6 13.688 21.043 35.157 
23.65 13.58 20.823 34.729 
23.7 13.473 20.604 34.304 
23.75 13.369 20.389 33.884 
23.8 13.271 20.18 33.472 
23.85 13.19 19.99 33.08 
23.9 13.068 19.761 32.653 
23.95 12.955 19.542 32.238 
24.0 12.848 19.331 31.833 
24.05 12.748 19.128 31.438 
24.1 12.651 18.929 31.051 
24.15 12.555 18.734 30.67 
24.2 12.462 18.543 30.296 
24.25 12.371 18.356 29.93 
24.3 12.282 18.172 29.57 
24.35 12.195 17.993 29.218 
24.4 12.111 17.818 28.873 
24.45 12.028 17.646 28.535 
24.5 11.948 17.479 28.205 
24.55 11.869 17.316 27.881 
24.6 11.793 17.156 27.565 
24.65 11.719 17.001 27.257 
24.7 11.647 16.849 26.955 
24.75 11.576 16.701 26.661 
24.8 11.508 16.557 26.374 
24.85 11.442 16.417 26.093 
24.9 11.378 16.28 25.82 
24.95 11.315 16.147 25.553 
25.0 11.255 16.018 25.293 
25.05 11.196 15.892 25.04 
25.1 11.139 15.77 24.793 
25.15 11.084 15.65 24.553 
25.2 11.031 15.535 24.318 
25.25 10.979 15.422 24.09 
25.3 10.929 15.312 23.867 
25.35 10.88 15.206 23.651 
25.4 10.834 15.103 23.44 
25.45 10.79 15.004 23.236 
25.5 10.749 14.909 23.039 
25.55 10.707 14.815 22.845 
25.6 10.671 14.728 22.661 
25.65 10.648 14.655 22.492 
25.7 10.592 14.552 22.297 
25.75 10.549 14.461 22.116 
25.8 10.511 14.377 21.944 
25.85 10.475 14.296 21.777 
25.9 10.441 14.218 21.615 
25.95 10.408 14.143 21.458 
26.0 10.376 14.069 21.304 
26.05 10.346 13.998 21.155 
26.1 10.317 13.93 21.011 
26.15 10.289 13.864 20.871 
26.2 10.262 13.8 20.735 
26.25 10.237 13.737 20.602 
26.3 10.212 13.677 20.473 
26.35 10.189 13.619 20.348 
26.4 10.166 13.562 20.226 
26.45 10.145 13.508 20.108 
26.5 10.124 13.455 19.993 
26.55 10.104 13.403 19.881 
26.6 10.085 13.354 19.772 
26.65 10.067 13.306 19.667 
26.7 10.05 13.26 19.564 
26.75 10.033 13.215 19.464 
26.8 10.018 13.171 19.367 
26.85 10.003 13.129 19.273 
26.9 9.989 13.089 19.181 
26.95 9.975 13.05 19.092 
27.0 9.963 13.012 19.006 
27.05 9.951 12.975 18.922 
27.1 9.939 12.94 18.841 
27.15 9.929 12.906 18.762 
27.2 9.919 12.873 18.685 
27.25 9.91 12.842 18.61 
27.3 9.901 12.811 18.538 
27.35 9.893 12.782 18.468 
27.4 9.886 12.754 18.4 
27.45 9.88 12.728 18.335 
27.5 9.873 12.702 18.27 
27.55 9.866 12.676 18.207 
27.6 9.861 12.652 18.147 
27.65 9.856 12.629 18.088 
27.7 9.852 12.607 18.032 
27.75 9.848 12.586 17.977 
27.8 9.846 12.566 17.924 
27.85 9.844 12.548 17.874 
27.9 9.841 12.529 17.823 
27.95 9.839 12.51 17.774 
28.0 9.837 12.493 17.727 
28.05 9.836 12.477 17.682 
28.1 9.836 12.462 17.638 
28.15 9.836 12.448 17.596 
28.2 9.836 12.434 17.555 
28.25 9.837 12.421 17.515 
28.3 9.838 12.409 17.477 
28.35 9.84 12.398 17.441 
28.4 9.842 12.387 17.405 
28.45 9.845 12.378 17.371 
28.5 9.848 12.368 17.338 
28.55 9.851 12.36 17.307 
28.6 9.855 12.352 17.277 
28.65 9.859 12.345 17.248 
28.7 9.864 12.339 17.22 
28.75 9.87 12.334 17.194 
28.8 9.877 12.331 17.17 
28.85 9.885 12.329 17.148 
28.9 9.898 12.332 17.132 
28.95 9.927 12.351 17.131 
29.0 9.917 12.331 17.093 
29.05 9.912 12.317 17.062 
29.1 9.915 12.311 17.038 
29.15 9.92 12.307 17.017 
29.2 9.927 12.305 16.998 
29.25 9.934 12.304 16.98 
29.3 9.941 12.303 16.963 
29.35 9.95 12.303 16.948 
29.4 9.958 12.304 16.934 
29.45 9.967 12.305 16.92 
29.5 9.977 12.307 16.908 
29.55 9.987 12.31 16.896 
29.6 9.997 12.313 16.885 
29.65 10.008 12.317 16.876 
29.7 10.019 12.322 16.867 
29.75 10.031 12.327 16.86 
29.8 10.044 12.334 16.854 
29.85 10.058 12.342 16.85 
29.9 10.075 12.352 16.848 
29.95 10.095 12.367 16.851 
30.0 10.128 12.394 16.867 
30.05 10.2 12.459 16.92 
30.1 10.165 12.419 16.87 
30.15 10.174 12.423 16.864 
30.2 10.188 12.431 16.862 
30.25 10.174 12.413 16.835 
30.3 10.178 12.412 16.824 
30.35 10.187 12.416 16.819 
30.4 10.199 12.424 16.818 
30.45 10.215 12.435 16.82 
30.5 10.238 12.454 16.83 
30.55 10.251 12.462 16.83 
30.6 10.254 12.462 16.822 
30.65 10.265 12.468 16.821 
30.7 10.277 12.477 16.822 
30.75 10.291 12.487 16.825 
30.8 10.306 12.498 16.828 
30.85 10.321 12.51 16.833 
30.9 10.336 12.522 16.838 
30.95 10.352 12.534 16.844 
31.0 10.368 12.547 16.85 
31.05 10.384 12.56 16.857 
31.1 10.401 12.573 16.865 
31.15 10.418 12.587 16.873 
31.2 10.435 12.602 16.882 
31.25 10.452 12.616 16.891 
31.3 10.47 12.631 16.901 
31.35 10.487 12.646 16.911 
31.4 10.505 12.662 16.922 
31.45 10.524 12.678 16.933 
31.5 10.542 12.694 16.944 
31.55 10.561 12.71 16.957 
31.6 10.579 12.727 16.969 
31.65 10.598 12.744 16.982 
31.7 10.618 12.761 16.996 
31.75 10.637 12.779 17.01 
31.8 10.657 12.796 17.024 
31.85 10.677 12.815 17.039 
31.9 10.697 12.833 17.054 
31.95 10.717 12.852 17.07 
32.0 10.737 12.871 17.086 
32.05 10.758 12.89 17.102 
32.1 10.78 12.91 17.12 
32.15 10.8 12.929 17.136 
32.2 10.821 12.949 17.154 
32.25 10.843 12.97 17.172 
32.3 10.864 12.99 17.19 
32.35 10.886 13.011 17.209 
32.4 10.908 13.032 17.228 
32.45 10.93 13.053 17.248 
32.5 10.953 13.075 17.268 
32.55 10.975 13.097 17.289 
32.6 10.998 13.119 17.309 
32.65 11.021 13.141 17.331 
32.7 11.045 13.164 17.352 
32.75 11.068 13.187 17.374 
32.8 11.092 13.21 17.396 
32.85 11.116 13.234 17.419 
32.9 11.14 13.257 17.442 
32.95 11.164 13.281 17.465 
33.0 11.188 13.305 17.489 
33.05 11.213 13.33 17.513 
33.1 11.238 13.354 17.537 
33.15 11.263 13.379 17.562 
33.2 11.288 13.405 17.587 
33.25 11.313 13.43 17.613 
33.3 11.339 13.456 17.639 
33.35 11.365 13.482 17.665 
33.4 11.391 13.508 17.691 
33.45 11.417 13.534 17.718 
33.5 11.443 13.561 17.745 
33.55 11.47 13.588 17.773 
33.6 11.497 13.615 17.801 
33.65 11.524 13.642 17.829 
33.7 11.551 13.67 17.857 
33.75 11.578 13.698 17.886 
33.8 11.606 13.726 17.915 
33.85 11.634 13.755 17.945 
33.9 11.662 13.783 17.975 
33.95 11.69 13.812 18.005 
34.0 11.719 13.841 18.035 
34.05 11.747 13.871 18.066 
34.1 11.776 13.9 18.097 
34.15 11.805 13.93 18.129 
34.2 11.835 13.96 18.161 
34.25 11.864 13.991 18.193 
34.3 11.894 14.021 18.225 
34.35 11.924 14.052 18.258 
34.4 11.954 14.084 18.291 
34.45 11.984 14.115 18.325 
34.5 12.015 14.147 18.359 
34.55 12.046 14.179 18.393 
34.6 12.077 14.211 18.427 
34.65 12.108 14.243 18.462 
34.7 12.14 14.276 18.497 
34.75 12.171 14.309 18.532 
34.8 12.203 14.342 18.568 
34.85 12.235 14.376 18.604 
34.9 12.268 14.409 18.64 
34.95 12.3 14.443 18.677 
35.0 12.333 14.478 18.714 
35.05 12.366 14.512 18.751 
35.1 12.4 14.547 18.789 
35.15 12.433 14.582 18.827 
35.2 12.467 14.617 18.865 
35.25 12.501 14.653 18.904 
35.3 12.536 14.689 18.943 
35.35 12.57 14.725 18.982 
35.4 12.605 14.761 19.022 
35.45 12.64 14.798 19.062 
35.5 12.675 14.835 19.102 
35.55 12.711 14.873 19.143 
35.6 12.747 14.91 19.184 
35.65 12.783 14.949 19.226 
35.7 12.82 14.987 19.268 
35.75 12.858 15.026 19.311 
35.8 12.896 15.067 19.354 
35.85 12.935 15.108 19.399 
35.9 12.977 15.151 19.446 
35.95 13.024 15.2 19.499 
36.0 13.089 15.267 19.57 
36.05 13.121 15.302 19.608 
36.1 13.136 15.318 19.629 
36.15 13.166 15.35 19.665 
36.2 13.201 15.387 19.706 
36.25 13.237 15.426 19.748 
36.3 13.275 15.465 19.792 
36.35 13.313 15.506 19.837 
36.4 13.352 15.547 19.882 
36.45 13.392 15.589 19.928 
36.5 13.432 15.631 19.974 
36.55 13.472 15.673 20.021 
36.6 13.512 15.716 20.068 
36.65 13.553 15.759 20.116 
36.7 13.595 15.803 20.164 
36.75 13.636 15.847 20.212 
36.8 13.678 15.891 20.261 
36.85 13.72 15.935 20.31 
36.9 13.763 15.98 20.359 
36.95 13.806 16.026 20.409 
37.0 13.849 16.071 20.46 
37.05 13.893 16.117 20.51 
37.1 13.936 16.163 20.561 
37.15 13.981 16.21 20.613 
37.2 14.025 16.257 20.664 
37.25 14.07 16.305 20.717 
37.3 14.116 16.352 20.769 
37.35 14.162 16.401 20.823 
37.4 14.208 16.45 20.876 
37.45 14.255 16.499 20.931 
37.5 14.302 16.549 20.986 
37.55 14.351 16.6 21.042 
37.6 14.401 16.653 21.099 
37.65 14.453 16.708 21.159 
37.7 14.509 16.766 21.222 
37.75 14.573 16.832 21.294 
37.8 14.664 16.926 21.391 
37.85 14.74 17.005 21.475 
37.9 14.727 16.994 21.471 
37.95 14.755 17.025 21.508 
38.0 14.791 17.065 21.553 
38.05 14.837 17.113 21.607 
38.1 14.884 17.163 21.662 
38.15 14.933 17.214 21.719 
38.2 14.982 17.267 21.777 
38.25 15.032 17.32 21.835 
38.3 15.083 17.373 21.894 
38.35 15.134 17.428 21.954 
38.4 15.186 17.482 22.014 
38.45 15.239 17.537 22.075 
38.5 15.291 17.593 22.136 
38.55 15.345 17.649 22.198 
38.6 15.398 17.706 22.26 
38.65 15.452 17.763 22.323 
38.7 15.507 17.82 22.386 
38.75 15.562 17.878 22.449 
38.8 15.617 17.936 22.513 
38.85 15.673 17.995 22.577 
38.9 15.729 18.054 22.642 
38.95 15.786 18.113 22.708 
39.0 15.843 18.173 22.773 
39.05 15.9 18.234 22.84 
39.1 15.958 18.295 22.907 
39.15 16.016 18.356 22.974 
39.2 16.075 18.418 23.042 
39.25 16.135 18.481 23.11 
39.3 16.195 18.544 23.179 
39.35 16.256 18.608 23.249 
39.4 16.319 18.674 23.321 
39.45 16.384 18.742 23.395 
39.5 16.44 18.801 23.46 
39.55 16.5 18.864 23.529 
39.6 16.561 18.929 23.6 
39.65 16.624 18.994 23.671 
39.7 16.687 19.06 23.744 
39.75 16.75 19.127 23.816 
39.8 16.814 19.194 23.89 
39.85 16.879 19.262 23.963 
39.9 16.944 19.33 24.038 
39.95 17.01 19.399 24.113 
40.0 17.075 19.468 24.188 
40.05 17.142 19.538 24.264 
40.1 17.209 19.608 24.341 
40.15 17.277 19.679 24.418 
40.2 17.345 19.75 24.495 
40.25 17.414 19.822 24.573 
40.3 17.483 19.895 24.652 
40.35 17.553 19.968 24.731 
40.4 17.623 20.041 24.811 
40.45 17.694 20.115 24.892 
40.5 17.766 20.19 24.973 
40.55 17.838 20.265 25.054 
40.6 17.91 20.341 25.136 
40.65 17.983 20.418 25.219 
40.7 18.057 20.495 25.302 
40.75 18.131 20.572 25.386 
40.8 18.206 20.65 25.471 
40.85 18.282 20.729 25.556 
40.9 18.358 20.808 25.642 
40.95 18.434 20.888 25.728 
41.0 18.512 20.969 25.815 
41.05 18.59 21.05 25.903 
41.1 18.668 21.132 25.991 
41.15 18.747 21.215 26.08 
41.2 18.827 21.298 26.17 
41.25 18.908 21.382 26.26 
41.3 18.989 21.466 26.351 
41.35 19.071 21.551 26.442 
41.4 19.153 21.637 26.535 
41.45 19.236 21.724 26.628 
41.5 19.32 21.811 26.721 
41.55 19.405 21.899 26.816 
41.6 19.49 21.987 26.911 
41.65 19.576 22.077 27.007 
41.7 19.663 22.167 27.103 
41.75 19.75 22.258 27.2 
41.8 19.838 22.349 27.298 
41.85 19.927 22.441 27.397 
41.9 20.017 22.534 27.497 
41.95 20.107 22.628 27.597 
42.0 20.199 22.723 27.698 
42.05 20.291 22.818 27.8 
42.1 20.384 22.914 27.903 
42.15 20.477 23.011 28.006 
42.2 20.572 23.109 28.111 
42.25 20.667 23.208 28.216 
42.3 20.763 23.308 28.322 
42.35 20.861 23.408 28.429 
42.4 20.959 23.51 28.537 
42.45 21.058 23.612 28.646 
42.5 21.158 23.716 28.756 
42.55 21.259 23.821 28.868 
42.6 21.362 23.927 28.98 
42.65 21.467 24.035 29.095 
42.7 21.574 24.146 29.212 
42.75 21.687 24.261 29.334 
42.8 21.814 24.391 29.47 
42.85 21.934 24.514 29.599 
42.9 22.009 24.593 29.685 
42.95 22.106 24.694 29.792 
43.0 22.209 24.801 29.906 
43.05 22.316 24.911 30.023 
43.1 22.425 25.023 30.142 
43.15 22.536 25.137 30.262 
43.2 22.649 25.253 30.384 
43.25 22.763 25.37 30.508 
43.3 22.878 25.489 30.633 
43.35 22.995 25.61 30.76 
43.4 23.114 25.732 30.889 
43.45 23.235 25.857 31.02 
43.5 23.36 25.985 31.154 
43.55 23.492 26.119 31.295 
43.6 23.637 26.268 31.45 
43.65 23.836 26.469 31.656 
43.7 23.89 26.527 31.721 
43.75 23.987 26.628 31.829 
43.8 24.103 26.748 31.955 
43.85 24.232 26.879 32.093 
43.9 24.349 27.0 32.22 
43.95 24.474 27.128 32.355 
44.0 24.601 27.258 32.491 
44.05 24.731 27.392 32.631 
44.1 24.864 27.528 32.773 
44.15 24.998 27.665 32.917 
44.2 25.134 27.804 33.062 
44.25 25.271 27.944 33.208 
44.3 25.409 28.086 33.356 
44.35 25.55 28.229 33.506 
44.4 25.691 28.374 33.657 
44.45 25.834 28.521 33.809 
44.5 25.979 28.669 33.963 
44.55 26.126 28.818 34.119 
44.6 26.274 28.97 34.276 
44.65 26.424 29.122 34.435 
44.7 26.576 29.277 34.596 
44.75 26.73 29.435 34.76 
44.8 26.889 29.597 34.927 
44.85 27.06 29.771 35.107 
44.9 27.213 29.927 35.269 
44.95 27.359 30.076 35.424 
45.0 27.514 30.234 35.588 
45.05 27.674 30.397 35.757 
45.1 27.836 30.562 35.928 
45.15 28.001 30.73 36.101 
45.2 28.168 30.9 36.277 
45.25 28.336 31.071 36.454 
45.3 28.507 31.245 36.633 
45.35 28.679 31.42 36.814 
45.4 28.854 31.598 36.997 
45.45 29.03 31.777 37.182 
45.5 29.209 31.958 37.369 
45.55 29.389 32.142 37.557 
45.6 29.572 32.327 37.748 
45.65 29.756 32.514 37.941 
45.7 29.943 32.704 38.135 
45.75 30.132 32.895 38.332 
45.8 30.322 33.089 38.531 
45.85 30.515 33.284 38.732 
45.9 30.711 33.482 38.935 
45.95 30.908 33.683 39.141 
46.0 31.108 33.885 39.348 
46.05 31.31 34.09 39.558 
46.1 31.514 34.297 39.77 
46.15 31.721 34.506 39.984 
46.2 31.931 34.718 40.201 
46.25 32.143 34.932 40.42 
46.3 32.357 35.149 40.641 
46.35 32.574 35.369 40.865 
46.4 32.793 35.591 41.092 
46.45 33.016 35.815 41.321 
46.5 33.24 36.042 41.553 
46.55 33.468 36.272 41.787 
46.6 33.699 36.505 42.024 
46.65 33.932 36.741 42.264 
46.7 34.168 36.979 42.507 
46.75 34.407 37.22 42.753 
46.8 34.649 37.465 43.001 
46.85 34.894 37.712 43.252 
46.9 35.143 37.962 43.506 
46.95 35.394 38.216 43.764 
47.0 35.649 38.472 44.024 
47.05 35.907 38.732 44.288 
47.1 36.168 38.996 44.555 
47.15 36.433 39.262 44.825 
47.2 36.701 39.532 45.098 
47.25 36.972 39.806 45.375 
47.3 37.247 40.083 45.656 
47.35 37.526 40.363 45.939 
47.4 37.809 40.647 46.227 
47.45 38.095 40.936 46.518 
47.5 38.386 41.227 46.813 
47.55 38.68 41.523 47.112 
47.6 38.978 41.823 47.414 
47.65 39.281 42.127 47.721 
47.7 39.588 42.435 48.031 
47.75 39.898 42.747 48.346 
47.8 40.214 43.064 48.665 
47.85 40.534 43.385 48.988 
47.9 40.858 43.71 49.316 
47.95 41.187 44.041 49.648 
48.0 41.521 44.375 49.985 
48.05 41.859 44.715 50.326 
48.1 42.203 45.06 50.672 
48.15 42.552 45.409 51.023 
48.2 42.906 45.764 51.379 
48.25 43.265 46.124 51.74 
48.3 43.629 46.489 52.106 
48.35 44.0 46.859 52.478 
48.4 44.375 47.236 52.855 
48.45 44.757 47.618 53.238 
48.5 45.145 48.006 53.626 
48.55 45.538 48.4 54.02 
48.6 45.938 48.8 54.42 
48.65 46.344 49.206 54.826 
48.7 46.757 49.619 55.239 
48.75 47.177 50.038 55.658 
48.8 47.603 50.465 56.084 
48.85 48.037 50.898 56.516 
48.9 48.477 51.338 56.956 
48.95 48.926 51.786 57.402 
49.0 49.381 52.241 57.856 
49.05 49.845 52.704 58.317 
49.1 50.317 53.175 58.787 
49.15 50.797 53.654 59.264 
49.2 51.286 54.142 59.749 
49.25 51.784 54.638 60.243 
49.3 52.291 55.144 60.746 
49.35 52.807 55.659 61.258 
49.4 53.333 56.183 61.779 
49.45 53.869 56.718 62.31 
49.5 54.416 57.262 62.851 
49.55 54.973 57.818 63.402 
49.6 55.542 58.385 63.965 
49.65 56.123 58.963 64.538 
49.7 56.716 59.554 65.124 
49.75 57.322 60.157 65.721 
49.8 57.941 60.773 66.332 
49.85 58.575 61.404 66.956 
49.9 59.224 62.05 67.595 
49.95 59.891 62.713 68.252 
50.0 60.582 63.4 68.931 
